ami	AF	zyogosity_probability
chr8:143954090:G>C	0.00581395	het
chr11:9004221:G>A	0.00986842	het
chr17:81037341:G>A	0.163736	het
chr11:1863868:G>A	0.0372807	het
chr8:81447565:G>A	0.00328947	het
chr20:59604486:G>A	0.0197368	het
chr2:176818201:G>A	0.269231	het
chr11:30535951:G>A	0.0142544	het
chr22:27557963:G>A	0.00219298	het
chr3:114875123:G>A	0.282895	het
chr18:39059096:G>A	0.00219298	het
chr5:171294750:G>A	0.0635965	het
chr7:130734308:G>GC	0.919956	hom
chr7:130734308:G>GT	0.0230263	het
chr17:57679580:G>A	0.0010989	het
chr20:42897078:G>A	0.00438596	het
chr13:42720529:G>A	0.147253	het
chr8:25909499:G>A	0.0263736	het
chr12:56118311:G>A	0.0120614	het
chr7:42153001:G>A	0.00109649	het
chr7:5423745:G>A	0.00330396	het
chr2:163735055:G>T	0.00109649	het
chr9:79936514:G>A	0.0351648	het
chr5:422459:G>A	0.0263158	het
chr8:1842696:G>A	0.107456	het
chr8:1842696:G>C	0.529605	het
chr2:229587596:G>T	0.0109649	het
chr11:9004221:G>A	0.00986842	het
