asj	AF	zyogosity_probability
chr4:7655577:G>A	0.000864055	het
chr12:49126866:G>A	0.000288018	het
chr17:29042763:G>T	0.00432776	het
chr7:130733498:G>T	0.000288018	het
chr3:51955749:G>A	0.000288018	het
chr22:35648105:G>A	0.00720461	het
chr7:122848277:G>A	0.0126801	het
chr22:36166355:G>A	0.000288184	het
chr10:84173008:G>A	0.00172911	het
chr10:100562372:G>A	0.000288018	het
chr8:143954090:G>C	0.00264201	het
chr7:97021198:G>A	0.000864553	het
chr2:239139188:G>A	0.00230415	het
chr11:9004221:G>A	0.0342742	het
chr3:71779258:G>A	0.00432028	het
chr7:2112047:G>A	0.025072	het
chr10:103758007:G>A	0.000288351	het
chr17:81037341:G>A	0.0876586	het
chr7:95597122:G>T	0.00317919	het
chr17:29042763:G>T	0.00432776	het
chr7:94657642:G>A	0.000288184	het
chr17:74859821:G>A	0.000288184	het
chr1:31619364:G>A	0.000288018	het
chr10:84173008:G>A	0.00172911	het
chr19:11577897:G>A	0.00144009	het
chr2:73893148:G>A	0.00201729	het
chr12:53380254:G>C	0.000605327	het
chr17:29042763:G>T	0.00432776	het
chr3:179606072:G>A	0.00345622	het
chr1:153628497:G>A	0.00461095	het
chr14:104708306:G>A	0.000864553	het
chr8:81447565:G>A	0.0115207	het
chr21:44711185:G>A	0.000288018	het
chr9:33239644:G>A	0.00172911	het
chr7:97021198:G>A	0.000864553	het
chr20:59604486:G>A	0.010669	het
chr12:10809839:G>A	0.000576369	het
chr14:97311080:G>A	0.00288351	het
chr2:176818201:G>A	0.330738	het
chr11:30535951:G>A	0.0144092	het
chr17:7884381:G>GC	0.00898551	het
chr14:33566322:G>A	0.0221902	het
chr12:26239635:G>A	0.00144259	het
chr15:61226776:G>A	0.000288184	het
chr22:27557963:G>A	0.0115274	het
chr1:155007796:G>A	0.00345622	het
chr17:61289643:G>A	0.00144175	het
chr3:114875123:G>A	0.35245	het
chr1:41315166:G>A	0.00317003	het
chr18:39059096:G>A	0.0317003	het
chr18:46460596:G>A	0.00172911	het
chr5:171294750:G>A	0.0763689	het
chr8:104869304:G>A	0.00288018	het
chr5:150600965:G>A	0.00201613	het
chr7:130734308:G>GC	0.87218	hom
chr7:130734308:G>GT	0.0370156	het
chr14:97946852:G>A	0.000288184	het
chr3:9434051:G>A	0.000288018	het
chr10:46020120:G>A	0.000288018	het
chr3:71779258:G>A	0.00432028	het
chr1:37275027:G>A	0.0037464	het
chr6:108280570:G>A	0.0034622	het
chr1:77633378:G>A	0.000288351	het
chr1:44326599:G>A	0.00115207	het
chr13:42720529:G>A	0.105536	het
chr9:20606795:G>A	0.00288351	het
chr11:78786108:G>A	0.000288018	het
chr8:25909499:G>A	0.0340058	het
chr5:36876729:G>T	0.000288351	het
chr2:8283026:G>A	0.000288018	het
chr2:176073496:G>A	0.00172911	het
chr12:56118311:G>A	0.0432277	het
chr2:44942824:G>T	0.000864055	het
chr1:44297000:G>A	0.000576369	het
chr12:49126866:G>A	0.000288018	het
chr17:50621695:G>C	0.00201613	het
chr10:101507444:G>A	0.00144175	het
chr9:125763667:G>A	0.000576037	het
chr9:79936514:G>A	0.0372187	het
chr11:35261715:G>A	0.000288351	het
chr3:50353875:G>A	0.000288184	het
chr7:10076754:G>C	0.00115207	het
chr17:29042763:G>T	0.00432776	het
chr8:141129741:G>A	0.000288018	het
chr14:79544275:G>A	0.000288184	het
chr12:72141603:G>A	0.000576369	het
chr5:140365373:G>A	0.00346021	het
chr10:108561823:GA>G	0.0011534	het
chr20:11777874:G>A	0.000288184	het
chr5:72625157:G>A	0.0138249	het
chr12:127278218:G>A	0.000288018	het
chr5:422459:G>A	0.000288184	het
chr12:68240261:G>A	0.000288018	het
chr8:1842696:G>A	0.0769452	het
chr8:1842696:G>C	0.31113	het
chr7:130733498:G>T	0.000288018	het
chr7:130734356:G>A	0.000576369	het
chr11:9004221:G>A	0.0342742	het
