fin	AF	zyogosity_probability
chr8:1902861:G>A	9.42152e-05	het
chr12:49126866:G>A	0.00103715	het
chr22:35648105:G>A	9.41974e-05	het
chr1:111200579:G>A	0.00574713	het
chr2:62475338:G>A	9.4162e-05	het
chr2:98087236:G>A	0.00103539	het
chr10:71963464:G>A	9.42329e-05	het
chr8:143954090:G>C	0.010274	het
chr5:1336719:G>A	9.4162e-05	het
chr7:97021198:G>A	9.41088e-05	het
chr7:155369968:G>A	9.40911e-05	het
chr11:9004221:G>A	0.00809183	het
chr18:23438599:G>A	9.48767e-05	het
chr22:46058133:G>A	0.00263653	het
chr17:81037341:G>A	0.116849	het
chr12:114408595:G>A	9.42685e-05	het
chr22:50473878:G>A	9.41974e-05	het
chr2:15808339:G>A	9.48047e-05	het
chr1:54548037:G>A	0.000564865	het
chr19:58353481:G>A	0.000415196	het
chr10:71963464:G>A	9.42329e-05	het
chr17:54900409:G>T	9.4162e-05	het
chr3:45026297:G>A	0.000471076	het
chr12:114408595:G>A	9.42685e-05	het
chr11:32583639:G>A	9.40911e-05	het
chr20:157237:G>A	0.00094304	het
chr1:28177210:G>A	9.4162e-05	het
chr11:67404115:G>A	0.000282859	het
chr12:63779525:G>A	9.42863e-05	het
chr2:73893148:G>A	0.000660004	het
chr12:53380254:G>C	0.00104515	het
chr3:50336874:G>C	9.41442e-05	het
chr3:179606072:G>A	0.00763287	het
chr1:152003091:G>A	0.000188608	het
chr19:15897914:G>A	9.42507e-05	het
chr4:74054843:G>A	0.000188466	het
chr4:38782958:G>A	0.000282805	het
chr8:81447565:G>A	0.0073474	het
chr3:52227310:G>A	0.000188288	het
chr7:97021198:G>A	9.41088e-05	het
chr20:59604486:G>A	0.0115926	het
chr7:112423977:G>A	9.41088e-05	het
chr13:102402511:G>T	9.44644e-05	het
chr2:176818201:G>A	0.433971	het
chr11:30535951:G>A	0.0229202	het
chr17:7884381:G>A	0.000102965	het
chr7:23522230:G>T	9.68054e-05	het
chr22:27557963:G>A	0.0113982	het
chr17:61289643:G>A	0.00472054	het
chr3:114875123:G>A	0.31162	het
chr18:39059096:G>A	0.00839464	het
chr18:46460596:G>A	0.0565929	het
chr5:171294750:G>A	0.142546	het
chr1:88150789:G>A	0.00018875	het
chr7:130734308:G>GC	0.806985	hom
chr7:130734308:G>GT	0.0676793	het
chr6:90079772:G>T	9.44822e-05	het
chr1:10672590:G>A	9.58222e-05	het
chr12:106874533:G>A	0.000188218	het
chr5:88883997:G>C	9.43931e-05	het
chr1:37275027:G>A	0.0151858	het
chr11:64632812:G>A	9.41088e-05	het
chr9:14087941:G>A	0.00018875	het
chr3:18370887:G>C	0.000282646	het
chr17:7884827:CGAG>C	0.000653595	het
chr5:87944609:G>T	9.43396e-05	het
chr16:73505146:G>A	9.46074e-05	het
chr17:57679580:G>A	0.000377216	het
chr20:42897078:G>A	0.00330313	het
chr14:33567288:G>A	9.42329e-05	het
chr10:129873561:G>A	9.40911e-05	het
chr13:42720529:G>A	0.142817	het
chr2:163732791:G>A	9.44287e-05	het
chr3:169574482:G>A	9.41974e-05	het
chr2:144439567:G>A	9.43396e-05	het
chr9:20606795:G>A	0.00170261	het
chr17:44206589:G>A	9.82704e-05	het
chr8:25909499:G>A	0.0142189	het
chr14:29219198:G>A	0.000283286	het
chr2:66693639:G>A	9.41797e-05	het
chr2:221425937:G>A	0.00228615	het
chr12:56118311:G>A	0.0137476	het
chr12:57529197:G>A	9.4162e-05	het
chr1:213892397:G>A	0.00018843	het
chr7:151136649:G>A	9.43574e-05	het
chr2:44942824:G>T	0.00951215	het
chr1:62928846:G>A	0.000282965	het
chr12:49126866:G>A	0.00103715	het
chr7:5423745:G>A	0.0045933	het
chr1:24647109:G>A	0.000188608	het
chr2:127763117:G>A	0.000188466	het
chr5:136274771:G>A	9.41797e-05	het
chr1:243713723:G>C	0.000263713	het
chr3:50353875:G>A	0.000376861	het
chr12:16352067:G>A	0.000188466	het
chr20:32479207:G>A	0.00301262	het
chr8:141129741:G>C	9.41797e-05	het
chr13:67233832:G>A	9.46432e-05	het
chr7:120989449:G>C	9.44644e-05	het
chr22:20615288:G>A	0.000283447	het
chr12:47216438:G>A	0.000471431	het
chr6:110415570:G>A	9.41797e-05	het
chr13:28495920:G>T	9.4162e-05	het
chr5:422459:G>A	9.41442e-05	het
chr3:195804428:G>A	0.000470544	het
chr2:45000507:G>C	9.41265e-05	het
chr1:3673299:G>A	0.000660004	het
chr1:3673299:G>T	9.42863e-05	het
chr14:73712972:G>A	0.000376435	het
chr11:123451475:G>A	9.42507e-05	het
chr8:1842696:G>A	0.0683148	het
chr8:1842696:G>C	0.418776	het
chr8:133454753:G>A	0.000943218	het
chr2:229587596:G>T	0.000941088	het
chr11:9004221:G>A	0.00809183	het
