mid	AF	zyogosity_probability
chr16:85395430:G>A	0.0136054	het
chr8:1902861:G>A	0.00680272	het
chr12:49126866:G>A	0.0238095	het
chr11:9004221:G>A	0.0308219	het
chr3:71779258:G>A	0.00340136	het
chr7:2112047:G>A	0.0170068	het
chr17:81037341:G>A	0.0782313	het
chr16:87601868:G>T	0.00340136	het
chr2:86440946:G>A	0.00340136	het
chr19:54102396:G>A	0.00340136	het
chr1:201955445:G>T	0.00340136	het
chr18:12254026:G>C	0.00680272	het
chr8:35544153:G>A	0.0102041	het
chr2:72916671:G>A	0.00340136	het
chr11:102843628:G>A	0.0102041	het
chr16:8860161:G>A	0.00680272	het
chr7:156893862:G>A	0.00340136	het
chr7:90211418:G>A	0.0136054	het
chr20:59604486:G>A	0.0582192	het
chr2:176818201:G>A	0.394558	het
chr11:30535951:G>A	0.00680272	het
chr14:33566322:G>A	0.00340136	het
chr12:26239635:G>A	0.00340136	het
chr22:27557963:G>A	0.0243056	het
chr12:53990505:G>A	0.00340136	het
chr3:114875123:G>A	0.306122	het
chr18:39059096:G>A	0.0204082	het
chr18:46460596:G>A	0.00680272	het
chr5:171294750:G>A	0.0510204	het
chr7:130734308:G>GC	0.887755	hom
chr7:130734308:G>GT	0.0238095	het
chr3:71779258:G>A	0.00340136	het
chr11:85660577:G>A	0.00340136	het
chr6:108280570:G>A	0.0102041	het
chr3:136151422:G>A	0.00340136	het
chr13:42720529:G>A	0.0510204	het
chr7:14197483:C>T	0.00340136	het
chr9:20606795:G>A	0.0136054	het
chr8:25909499:G>A	0.0625	het
chr19:12702168:G>A	0.00340136	het
chr12:56118311:G>A	0.0136054	het
chr2:44942824:G>T	0.00340136	het
chr12:49126866:G>A	0.0238095	het
chr11:115525627:G>A	0.00340136	het
chr12:113673545:G>A	0.00680272	het
chr9:79936514:G>A	0.0272109	het
chr20:59190846:G>A	0.00340136	het
chr5:140365373:G>A	0.00340136	het
chr3:124016675:G>A	0.00390625	het
chr3:2968319:G>A	0.00340136	het
chr3:64321855:G>A	0.00340136	het
chr5:72625157:G>A	0.047619	het
chr11:18196096:A>G	0.00340136	het
chr19:6553479:T>G	0.00680272	het
chr5:422459:G>A	0.00340136	het
chr12:131035454:G>A	0.00340136	het
chr8:1842696:G>A	0.085034	het
chr8:1842696:G>C	0.255102	het
chr2:229587596:G>T	0.00340136	het
chr7:130734413:G>A	0.00684932	het
chr16:85395430:G>A	0.0136054	het
chr11:9004221:G>A	0.0308219	het
