afr	AF	zyogosity_probability
chr5:72625157:G>A	0.01169	het
chr15:39371555:A>G	0.2434	het
chr8:1842696:G>C	0.1597	het
chr17:81037341:G>A	0.08009	het
chr7:101948104:C>T	0.07177	het
chr7:155369967:C>T	0.05737	het
chr17:29042762:C>CG	0.04368	het
chr3:114616167:G>A	0.05152	het
chr19:12702168:G>A	0.03002	het
chr4:173531183:G>A	0.05733	het
chr12:49126866:G>A	0.2209	het
chr3:124016675:G>A	0.02035	het
chr7:130734308:G>GC	0.6357	het
chr3:129441292:C>T	0.01468	het
chr12:113673545:G>A	0.09649	het
chr3:114875123:G>A	0.1518	het
chr7:90211418:G>A	0.02045	het
chr11:30535951:G>A	0.01581	het
chr1:226634156:C>T	0.02245	het
chr8:41629392:C>T	0.07434	het
chr16:72978362:G>A	0.0311	het
chr2:176818201:G>A	0.07255	het
chr8:71844422:G>A	0.03164	het
chr10:100655672:C>A	0.01214	het
chr19:40613923:C>T	0.02561	het
chr8:56448054:C>T	0.01801	het
chr5:171294750:G>A	0.03219	het
chr10:100707267:C>T	0.0103	het
chr13:42720529:G>A	0.04327	het
chr3:120908034:C>G	0.01041	het
chr11:18196096:A>G	0.08558	het
chr10:113775975:G>T	0.0109	het
chr8:1842696:G>A	0.09359	het
chr11:9004221:G>A	0.03162	het
chr6:168044891:G>A	0.02618	het
chr9:79936514:G>A	0.06401	het
chr7:130734413:G>A	0.01597	het
