ami	AF	zyogosity_probability
chr12:56118311:G>A	0.01206	het
chr15:39371555:A>G	0.01754	het
chr8:1842696:G>C	0.5296	het
chr11:1863868:G>A	0.03728	het
chr10:113119965:C>T	0.0318	het
chr17:81037341:G>A	0.1637	het
chr8:25909499:G>A	0.02637	het
chr11:118212524:C>T	0.01535	het
chr20:59604486:G>A	0.01974	het
chr5:422459:G>A	0.02632	het
chr12:6772917:C>T	0.01538	het
chr16:84700408:C>A	0.03509	het
chr7:130734308:G>GT	0.02303	het
chrX:136169556:C>T	0.03971	het
chr2:229587596:G>T	0.01096	het
chr3:114875123:G>A	0.2829	het
chr11:30535951:G>A	0.01425	het
chr2:38581978:C>T	0.01754	het
chr2:176818201:G>A	0.2692	het
chr3:44874981:C>T	0.08224	het
chr15:49424281:C>T	0.04057	het
chr19:40613923:C>T	0.1549	het
chr2:44033862:C>T	0.04715	het
chr5:171294750:G>A	0.0636	het
chr13:42720529:G>A	0.1473	het
chr8:1842696:G>A	0.1075	het
chr9:79936514:G>A	0.03516	het
chr7:130734308:G>GC	0.92	hom
