amr	AF	zyogosity_probability
chr5:72625157:G>A	0.01118	het
chr12:56118311:G>A	0.01102	het
chr15:39371555:A>G	0.03988	het
chr8:1842696:G>C	0.2643	het
chr2:6877890:G>A	0.02835	het
chr17:81037341:G>A	0.1494	het
chr7:101948104:C>T	0.01176	het
chr8:25909499:G>A	0.05873	het
chr6:107028086:C>A	0.01954	het
chr7:155369967:C>T	0.01111	het
chr20:59604486:G>A	0.02521	het
chr7:130734308:G>GT	0.02303	het
chr11:122838843:C>T	0.01577	het
chr4:173531183:G>A	0.01091	het
chr11:36037217:C>T	0.05201	het
chr12:49126866:G>A	0.02422	het
chr3:114875123:G>A	0.3061	het
chr11:30535951:G>A	0.08262	het
chr22:27557963:G>A	0.01466	het
chr8:41629392:C>T	0.01111	het
chr2:176818201:G>A	0.4464	het
chr15:49424281:C>T	0.02649	het
chr18:46460596:G>A	0.06293	het
chr19:40613923:C>T	0.05089	het
chr2:44033862:C>T	0.03393	het
chr5:171294750:G>A	0.1597	het
chr13:42720529:G>A	0.1986	het
chr8:1842696:G>A	0.07896	het
chr11:9004221:G>A	0.02297	het
chr9:79936514:G>A	0.01054	het
chr7:130734308:G>GC	0.8278	hom