asj	AF	zyogosity_probability
chr5:72625157:G>A	0.01382	het
chr7:2112047:G>A	0.02507	het
chr12:56118311:G>A	0.0431	het
chr7:122848277:G>A	0.01268	het
chr8:81447565:G>A	0.009464	het
chr8:1842696:G>C	0.3111	het
chr15:39371555:A>G	0.0121	het
chr10:113119965:C>T	0.01988	het
chr17:81037341:G>A	0.08766	het
chr7:101948104:C>T	0.02911	het
chr8:25909499:G>A	0.03401	het
chr7:155369967:C>T	0.01786	het
chr20:59604486:G>A	0.01045	het
chr7:130734308:G>GT	0.03702	het
chr5:78062859:C>T	0.01124	het
chr11:122838843:C>T	0.01296	het
chr11:36037217:C>T	0.01758	het
chr3:114875123:G>A	0.3524	het
chr11:30535951:G>A	0.01498	het
chr22:27557963:G>A	0.01153	het
chr7:50382076:C>T	0.01095	het
chr18:39059096:G>A	0.0317	het
chr8:41629392:C>T	0.02767	het
chr2:176818201:G>A	0.3307	het
chr14:33566322:G>A	0.02219	het
chr19:40613923:C>T	0.1298	het
chr15:67595330:C>T	0.01154	het
chr2:44033862:C>T	0.08184	het
chr19:38257156:C>T	0.01584	het
chr5:171294750:G>A	0.07637	het
chr17:54900408:C>A	0.01234	het
chr13:42720529:G>A	0.1055	het
chr8:1842696:G>A	0.07695	het
chr11:9004221:G>A	0.03322	het
chr9:79936514:G>A	0.03722	het
chr7:130734308:G>GC	0.8722	hom
