eas	AF	zyogosity_probability
chr8:25909499:G>A	0.02832	het
chr7:130734308:G>GC	0.8762	hom
chr18:46460596:G>A	0.198	het
chr18:42645059:C>T	0.01546	het
chr3:114875123:G>A	0.1757	het
chr12:56118311:G>A	0.02877	het
chr5:171294750:G>A	0.202	het
chr15:39371555:A>G	0.07832	het
chr8:1842696:G>C	0.3172	het
chr13:42720529:G>A	0.2021	het
chr2:6877890:G>A	0.02317	het
chr8:1842696:G>A	0.08117	het
chr17:81037341:G>A	0.2861	het
chr2:176818201:G>A	0.9398	hom
chr19:7381415:C>T	0.04391	het
chr9:79936514:G>A	0.01081	het
chr11:36037217:C>T	0.0971	het
