fin	AF	zyogosity_probability
chr12:56118311:G>A	0.01338	het
chr15:39371555:A>G	0.03453	het
chr8:1842696:G>C	0.4188	het
chr10:113119965:C>T	0.05754	het
chr17:81037341:G>A	0.1168	het
chr8:25909499:G>A	0.01422	het
chr20:59604486:G>A	0.01151	het
chr7:130734308:G>GT	0.06768	het
chrX:136169556:C>T	0.0137	het
chr11:36037217:C>T	0.02242	het
chr3:114875123:G>A	0.3116	het
chr11:30535951:G>A	0.02511	het
chr22:27557963:G>A	0.0114	het
chr2:176818201:G>A	0.434	het
chr15:49424281:C>T	0.07144	het
chr18:46460596:G>A	0.05695	het
chr20:59604485:C>T	0.01557	het
chr19:40613923:C>T	0.114	het
chr2:44033862:C>T	0.0486	het
chr5:171294750:G>A	0.1425	het
chr13:42720529:G>A	0.1428	het
chr8:1842696:G>A	0.06831	het
chr1:37275027:G>A	0.01519	het
chr7:130734308:G>GC	0.807	hom
