mid	AF	zyogosity_probability
chr5:72625157:G>A	0.04762	het
chr7:2112047:G>A	0.01701	het
chr12:56118311:G>A	0.01667	het
chr15:39371555:A>G	0.04422	het
chr8:1842696:G>C	0.2551	het
chr17:81037341:G>A	0.07823	het
chr8:25909499:G>A	0.0625	het
chr20:59604486:G>A	0.04	het
chr8:35544153:G>A	0.0102	het
chr7:130734308:G>GT	0.02381	het
chr11:102843628:G>A	0.0008399	het
chr9:20606795:G>A	0.01361	het
chr11:36037217:C>T	0.0102	het
chr12:49126866:G>A	0.02381	het
chr16:85395430:G>A	0.01361	het
chr3:114875123:G>A	0.3061	het
chr7:90211418:G>A	0.01333	het
chr5:122816986:C>T	0.008083	het
chr22:27557963:G>A	0.02431	het
chr18:39059096:G>A	0.02041	het
chr8:41629392:C>T	0.01027	het
chr2:176818201:G>A	0.3946	het
chr15:49424281:C>T	0.00934	het
chr20:59604485:C>T	0.005841	het
chr19:40613923:C>T	0.1198	het
chr2:44033862:C>T	0.09932	het
chr5:171294750:G>A	0.05102	het
chr10:100707267:C>T	0.01361	het
chr13:42720529:G>A	0.05102	het
chr8:1842696:G>A	0.08503	het
chr11:9004221:G>A	0.02761	het
chr19:5784173:C>T	0.006522	het
chr6:108280570:G>A	0.0102	het
chr9:79936514:G>A	0.02721	het
chr7:130734308:G>GC	0.8878	hom
