nfe	AF	zyogosity_probability
chr15:39371555:A>G	0.01451	het
chr8:1842696:G>C	0.3996	het
chr10:113119965:C>T	0.02258	het
chr17:81037341:G>A	0.08957	het
chr8:25909499:G>A	0.0456	het
chr20:59604486:G>A	0.01552	het
chr22:21444505:C>A	0.01626	het
chr7:130734308:G>GT	0.04073	het
chr11:122838843:C>T	0.01145	het
chr11:36037217:C>T	0.01705	het
chr3:114875123:G>A	0.2814	het
chr11:30535951:G>A	0.02873	het
chr22:27557963:G>A	0.01359	het
chr18:39059096:G>A	0.02041	het
chr2:176818201:G>A	0.3294	het
chr15:49424281:C>T	0.04614	het
chr20:59604485:C>T	0.009999	het
chr19:40613923:C>T	0.09305	het
chr2:44033862:C>T	0.09932	het
chr5:171294750:G>A	0.05102	het
chr13:42720529:G>A	0.1592	het
chr8:1842696:G>A	0.08503	het
chr11:9004221:G>A	0.02761	het
chr7:130734308:G>GC	0.8878	hom
