sas	AF	zyogosity_probability
chr7:2112047:G>A	0.02797	het
chr12:56118311:G>A	0.04397	het
chr15:39371555:A>G	0.03106	het
chr8:1842696:G>C	0.3478	het
chr10:113119965:C>T	0.02319	het
chr17:81037341:G>A	0.1881	het
chr8:25909499:G>A	0.0527	het
chr22:36252927:C>T	0.0246	het
chr7:130734308:G>GT	0.02557	het
chr17:7884381:G>A	0.01307	het
chr11:36037217:C>T	0.05622	het
chr3:114875123:G>A	0.164	het
chr11:30535951:G>A	0.03289	het
chr18:39059096:G>A	0.01471	het
chr2:176818201:G>A	0.5639	het
chr15:49424281:C>T	0.02276	het
chr17:28912612:C>T	0.02382	het
chr19:40613923:C>T	0.05939	het
chr2:44033862:C>T	0.01224	het
chr5:171294750:G>A	0.09506	het
chr13:42720529:G>A	0.1133	het
chr8:1842696:G>A	0.09644	het
chr11:9004221:G>A	0.02621	het
chr7:130734308:G>GC	0.8353	hom
